# Created by Octave 4.0.2, Tue Jun 21 13:17:56 2016 CEST <cqql@ativ9>
# name: u_solution
# type: matrix
# rows: 1
# columns: 140
 0.5021174126859936 0.5547905055469521 0.6399716428069239 0.742955824516759 0.845940006226594 0.9311211434865659 0.9837942363475244 0.9936733467528076 0.9943370966276115 0.9954104903875187 0.9967082257966986 0.9980059612058785 0.9990793549657857 0.9997431048405896 0.9997551313703248 0.9997880919944305 0.9998413947965563 0.9999058380011947 0.9999702812058331 1.000023584007959 1.000056544632065 1.000060524200608 1.000060871983908 1.000062811032509 1.000065525193038 1.000067335308555 1.000066792049014 1.000066613164003 1.000066755416598 1.000067317141336 1.000065841767239 1.000058761853231 1.000050441085042 1.00004411708651 1.000039905360009 1.000037332815509 1.000033195468628 1.000034087810001 1.000021348852784 0.9999890303030435 0.9999662840732686 0.999954137732079 0.999943792242955 0.9999287737576852 0.9999117007142529 0.9998666951409803 0.9998397609574522 0.999802404195878 0.9997093213337473 0.9996126648444444 0.9993821102171235 0.9989179612814947 0.9982588294399164 0.9979329179628871 0.9972301665400486 0.9957959365018577 0.994889554593173 0.9913978554947805 0.9847058197165818 0.9826658145042869 0.9695287255850731 0.9365780356092941 0.9101551262762966 0.9188399965090215 0.8505520623087408 0.7679918001369922 0.6854315379652436 0.6171436037649629 0.5749166880989205 0.5456610055194799 0.4822549553463668 0.3459053955882741 0.1690386601351354 0.1026485871488047 0.1006433467723823 0.08207922439813119 0.06490690751561272 0.02998471595530774 0.02375597146352467 0.01829985951409602 0.01039576331007905 0.00720588008015056 -0.0006421212762490359 -0.0001430284627406739 -0.0001447746844754957 -0.0001475986149720939 -0.0001510127531340443 -0.0001544268912959947 -0.0001572508217925929 -0.0001589970435274147 -0.0001594251689294855 -0.0001594251689294855 -0.0001594251689294855 -0.0001594251689294855 -0.0001594251689294855 -0.0001594251689294855 -0.0001594251689294855 -0.0001033360232126415 -0.000117544727293279 -0.0001086575587332528 -0.0001112164181656474 -8.662053642352068e-05 -6.265771085319107e-05 -4.935518269365212e-05 -4.687506211200482e-05 -3.235094930130478e-05 -1.177867097206385e-05 -1.732058620705901e-05 -1.334727335727989e-06 1.145432550187845e-05 2.05133954142389e-05 2.315016966209199e-05 5.991342837478154e-05 0.0001600392880277333 0.0002886869537797756 0.0003756540004785898 0.0004863583317838647 0.0006417466992040595 0.000755948620086659 0.00106544693439022 0.001577240665822913 0.002133954391453322 0.002833715739178826 0.004053173477468692 0.005410638286209794 0.006244900276659757 0.008435426838434311 0.01258611740813582 0.01530661420864258 0.02455028474237268 0.0507481522486686 0.07731701047455299 0.09219678757325857 0.1236048188841744 0.1693374989433584 0.2214010219966729 0.2867282244406084 0.3591858920838981 0.4148812989778654
