# Created by Octave 4.0.2, Tue Jun 21 13:33:02 2016 CEST <cqql@ativ9>
# name: u_solution
# type: matrix
# rows: 1
# columns: 140
 0.5763377000842427 0.8583609550967305 1.079620014242186 1.015658536449327 0.9551189617667228 1.004141248526131 1.028196940167872 1.029551747566639 1.012219774326355 0.983562825262345 0.9977890550075295 1.010627807883423 0.9975043877924037 0.9918288599844877 0.9927011885865835 0.9989316977071485 1.004768440320028 0.9987463262745456 0.9979778596526946 1.002124986536072 1.001959629434912 1.000923044515966 0.9988827341149187 0.9991602706301781 1.000926610806957 0.9998103123571546 0.9993338518006865 1.000107995660919 1.000414925639488 1.000483466688809 0.9997996097606717 0.9998794428035744 1.000223084520635 0.9999348350045478 0.9997941909188276 0.9998549447738518 1.00003522931408 1.000094297538936 0.9999381248696937 0.9999871823681644 1.000045212996516 1.000011762151763 1.000000540514108 1.000036472076943 0.9999679903503812 0.9998773490086023 1.000214102017937 1.000243137768224 0.9998693291419937 0.9996752479074565 0.9991703762539956 1.000108519379902 1.001641383431323 0.9985928364373401 0.9967788676034535 0.9990700488133849 1.000622320069716 1.006029841375355 1.004933857573862 0.9868948149982898 0.9965910059961363 1.023319714512326 1.02628654473834 1.020933506349718 0.9915333857974022 0.9469444919068575 1.02851713336521 1.082052160295214 0.8523074991875859 0.5718154793305017 0.4236622999157638 0.1416390449032241 -0.07962001424214589 -0.01565853644935112 0.04488103823328765 -0.004141248526113363 -0.02819694016786554 -0.02955174756662074 -0.01221977432639228 0.01643717473769902 0.00221094499244797 -0.0106278078834121 0.002495612207611198 0.008171140015514326 0.007298811413428898 0.001068302292808134 -0.004768440319990624 0.001253673725427693 0.002022140347315117 -0.002124986536059257 -0.001959629434913594 -0.0009230445159587214 0.001117265885033897 0.0008397293698618998 -0.0009266108069798432 0.0001896876428526961 0.0006661481993258937 -0.0001079956609177782 -0.0004149256394757995 -0.0004834666888546013 0.0002003902393635711 0.0001205571964006471 -0.0002230845206245105 6.516499546436959e-05 0.0002058090811725066 0.0001450552261598616 -3.522931412237786e-05 -9.429753889606207e-05 6.18751302785751e-05 1.281763184390665e-05 -4.521299650167421e-05 -1.176215176225848e-05 -5.405140977980795e-07 -3.647207699017784e-05 3.200964965544274e-05 0.0001226509913748436 -0.0002141020179231118 -0.0002431377682104118 0.0001306708580052273 0.0003247520925519007 0.0008296237459589022 -0.0001085193798590166 -0.001641383431347137 0.001407163562664728 0.003221132396559378 0.0009299511866197518 -0.000622320069698405 -0.006029841375394933 -0.004933857573825158 0.01310518500168176 0.003408994003876308 -0.02331971451231156 -0.02628654473834254 -0.02093350634971235 0.008466614202545733 0.05305550809317933 -0.0285171333652313 -0.08205216029520733 0.1476925008124195 0.4281845206694929


