# Created by Octave 4.0.2, Tue Jun 21 13:32:56 2016 CEST <cqql@ativ9>
# name: x_nodal
# type: matrix
# rows: 1
# columns: 140
 0.001272302191431041 0.006461720360015139 0.01485387121556507 0.025 0.03514612878443493 0.04353827963998487 0.04872769780856896 0.05127230219143104 0.05646172036001514 0.06485387121556507 0.075 0.08514612878443492 0.09353827963998487 0.09872769780856896 0.101272302191431 0.1064617203600151 0.1148538712155651 0.125 0.1351461287844349 0.1435382796399849 0.148727697808569 0.151272302191431 0.1564617203600151 0.1648538712155651 0.175 0.1851461287844349 0.1935382796399849 0.198727697808569 0.201272302191431 0.2064617203600151 0.214853871215565 0.225 0.2351461287844349 0.2435382796399849 0.248727697808569 0.251272302191431 0.2564617203600151 0.264853871215565 0.275 0.2851461287844349 0.2935382796399849 0.2987276978085689 0.301272302191431 0.3064617203600151 0.3148538712155651 0.325 0.3351461287844349 0.3435382796399848 0.3487276978085689 0.351272302191431 0.3564617203600151 0.3648538712155651 0.375 0.3851461287844349 0.3935382796399848 0.3987276978085689 0.401272302191431 0.4064617203600151 0.4148538712155651 0.425 0.4351461287844349 0.4435382796399848 0.4487276978085689 0.451272302191431 0.4564617203600151 0.464853871215565 0.475 0.4851461287844349 0.4935382796399848 0.4987276978085689 0.5012723021914309 0.506461720360015 0.5148538712155649 0.5249999999999999 0.5351461287844348 0.5435382796399848 0.5487276978085689 0.551272302191431 0.5564617203600151 0.564853871215565 0.575 0.5851461287844348 0.5935382796399848 0.5987276978085689 0.601272302191431 0.6064617203600151 0.614853871215565 0.625 0.6351461287844349 0.6435382796399849 0.648727697808569 0.651272302191431 0.656461720360015 0.6648538712155649 0.6749999999999999 0.6851461287844348 0.6935382796399848 0.6987276978085689 0.701272302191431 0.7064617203600151 0.714853871215565 0.725 0.7351461287844349 0.7435382796399849 0.748727697808569 0.7512723021914309 0.756461720360015 0.7648538712155649 0.7749999999999999 0.7851461287844348 0.7935382796399848 0.7987276978085689 0.801272302191431 0.8064617203600151 0.814853871215565 0.825 0.8351461287844348 0.8435382796399848 0.8487276978085689 0.851272302191431 0.8564617203600151 0.864853871215565 0.875 0.8851461287844349 0.8935382796399849 0.898727697808569 0.901272302191431 0.906461720360015 0.9148538712155649 0.9249999999999999 0.9351461287844348 0.9435382796399848 0.9487276978085689 0.951272302191431 0.9564617203600151 0.964853871215565 0.975 0.9851461287844349 0.9935382796399849 0.998727697808569


