# Created by Octave 4.0.2, Sun Jun 12 02:09:26 2016 CEST <cqql@ativ9>
# name: u_solution
# type: matrix
# rows: 1
# columns: 140
 0.5763377000842428 0.85836095509673 1.079620014242185 1.015658536449324 0.9551189617667191 1.004141248526126 1.028196940167866 1.029551747566633 1.012219774326349 0.9835628252623402 0.9977890550075255 1.010627807883421 0.9975043877924031 0.9918288599844874 0.9927011885865833 0.9989316977071484 1.004768440320029 0.9987463262745471 0.9979778596526955 1.002124986536073 1.001959629434914 1.000923044515968 0.9988827341149206 0.999160270630178 1.000926610806956 0.9998103123571549 0.9993338518006865 1.000107995660919 1.000414925639487 1.000483466688809 0.9997996097606714 0.9998794428035725 1.000223084520633 0.9999348350045457 0.9997941909188247 0.9998549447738488 1.000035229314077 1.000094297538933 0.999938124869693 0.9999871823681642 1.000045212996514 1.000011762151761 1.000000540514107 1.000036472076942 0.9999679903503805 0.9998773490085995 1.000214102017932 1.000243137768222 0.999869329141993 0.9996752479074564 0.9991703762539956 1.000108519379899 1.001641383431322 0.9985928364373414 0.9967788676034537 0.9990700488133835 1.000622320069713 1.006029841375353 1.004933857573862 0.9868948149982913 0.9965910059961357 1.023319714512326 1.02628654473834 1.020933506349719 0.9915333857974045 0.9469444919068586 1.028517133365209 1.082052160295214 0.8523074991875877 0.5718154793305026 0.4236622999157635 0.1416390449032229 -0.07962001424214844 -0.01565853644935308 0.04488103823328631 -0.004141248526114247 -0.02819694016786566 -0.02955174756662027 -0.01221977432639178 0.01643717473769916 0.002210944992447633 -0.010627807883412 0.002495612207611345 0.008171140015514345 0.007298811413428808 0.001068302292808007 -0.004768440319990613 0.001253673725427737 0.00202214034731509 -0.002124986536059266 -0.001959629434913582 -0.0009230445159587388 0.00111726588503395 0.0008397293698618793 -0.0009266108069798481 0.0001896876428527025 0.0006661481993259021 -0.0001079956609178007 -0.0004149256394757908 -0.0004834666888546128 0.0002003902393635824 0.0001205571964006425 -0.0002230845206245109 6.516499546436887e-05 0.0002058090811725144 0.0001450552261598545 -3.522931412237569e-05 -9.429753889606443e-05 6.187513027857773e-05 1.281763184390471e-05 -4.521299650167343e-05 -1.176215176226044e-05 -5.405140977979982e-07 -3.647207699017736e-05 3.200964965544438e-05 0.0001226509913748421 -0.000214102017923115 -0.0002431377682104073 0.0001306708580052341 0.0003247520925519118 0.0008296237459589047 -0.0001085193798590371 -0.001641383431347137 0.001407163562664769 0.00322113239655938 0.0009299511866197059 -0.0006223200696984668 -0.006029841375395004 -0.0049338575738251 0.01310518500168185 0.00340899400387612 -0.02331971451231178 -0.02628654473834246 -0.02093350634971201 0.008466614202546669 0.05305550809318102 -0.02851713336522909 -0.08205216029520591 0.1476925008124198 0.4281845206694928


